3,3,-75,0.033903
3,3,-74.9,0.033908
3,3,-74.8,0.033913
3,3,-74.7,0.033918
3,3,-74.6,0.033923
3,3,-74.5,0.033928
3,3,-74.4,0.033933
3,3,-74.3,0.033939
3,3,-74.2,0.033944
3,3,-74.1,0.033949
3,3,-74,0.033954
3,3,-73.9,0.03396
3,3,-73.8,0.033965
3,3,-73.7,0.03397
3,3,-73.6,0.033976
3,3,-73.5,0.033981
3,3,-73.4,0.033987
3,3,-73.3,0.033992
3,3,-73.2,0.033998
3,3,-73.1,0.034003
3,3,-73,0.034009
3,3,-72.9,0.034014
3,3,-72.8,0.03402
3,3,-72.7,0.034025
3,3,-72.6,0.034031
3,3,-72.5,0.034037
3,3,-72.4,0.034042
3,3,-72.3,0.034048
3,3,-72.2,0.034054
3,3,-72.1,0.03406
3,3,-72,0.034066
3,3,-71.9,0.034071
3,3,-71.8,0.034077
3,3,-71.7,0.034083
3,3,-71.6,0.034089
3,3,-71.5,0.034095
3,3,-71.4,0.034101
3,3,-71.3,0.034107
3,3,-71.2,0.034113
3,3,-71.1,0.03412
3,3,-71,0.034126
3,3,-70.9,0.034132
3,3,-70.8,0.034138
3,3,-70.7,0.034144
3,3,-70.6,0.034151
3,3,-70.5,0.034157
3,3,-70.4,0.034163
3,3,-70.3,0.03417
3,3,-70.2,0.034176
3,3,-70.1,0.034182
3,3,-70,0.034189
3,3,-69.9,0.034195
3,3,-69.8,0.034202
3,3,-69.7,0.034208
3,3,-69.6,0.034215
3,3,-69.5,0.034222
3,3,-69.4,0.034228
3,3,-69.3,0.034235
3,3,-69.2,0.034242
3,3,-69.1,0.034248
3,3,-69,0.034255
3,3,-68.9,0.034262
3,3,-68.8,0.034269
3,3,-68.7,0.034276
3,3,-68.6,0.034283
3,3,-68.5,0.03429
3,3,-68.4,0.034297
3,3,-68.3,0.034304
3,3,-68.2,0.034311
3,3,-68.1,0.034318
3,3,-68,0.034325
3,3,-67.9,0.034332
3,3,-67.8,0.034339
3,3,-67.7,0.034346
3,3,-67.6,0.034354
3,3,-67.5,0.034361
3,3,-67.4,0.034368
3,3,-67.3,0.034376
3,3,-67.2,0.034383
3,3,-67.1,0.03439
3,3,-67,0.034398
3,3,-66.9,0.034405
3,3,-66.8,0.034413
3,3,-66.7,0.03442
3,3,-66.6,0.034428
3,3,-66.5,0.034435
3,3,-66.4,0.034443
3,3,-66.3,0.034451
3,3,-66.2,0.034459
3,3,-66.1,0.034467
3,3,-66,0.034475
3,3,-65.9,0.034483
3,3,-65.8,0.034491
3,3,-65.7,0.034499
3,3,-65.6,0.034507
3,3,-65.5,0.034515
3,3,-65.4,0.034523
3,3,-65.3,0.034531
3,3,-65.2,0.03454
3,3,-65.1,0.034548
3,3,-65,0.034556
3,3,-64.9,0.034565
3,3,-64.8,0.034573
3,3,-64.7,0.034582
3,3,-64.6,0.03459
3,3,-64.5,0.034599
3,3,-64.4,0.034608
3,3,-64.3,0.034617
3,3,-64.2,0.034625
3,3,-64.1,0.034634
3,3,-64,0.034643
3,3,-63.9,0.034652
3,3,-63.8,0.03466
3,3,-63.7,0.034669
3,3,-63.6,0.034677
3,3,-63.5,0.034686
3,3,-63.4,0.034694
3,3,-63.3,0.034702
3,3,-63.2,0.034711
3,3,-63.1,0.034719
3,3,-63,0.034727
3,3,-62.9,0.034736
3,3,-62.8,0.034745
3,3,-62.7,0.034753
3,3,-62.6,0.034762
3,3,-62.5,0.035005
3,3,-62.4,0.035212
3,3,-62.3,0.035421
3,3,-62.2,0.035631
3,3,-62.1,0.035844
3,3,-62,0.036058
3,3,-61.9,0.036275
3,3,-61.8,0.036493
3,3,-61.7,0.036714
3,3,-61.6,0.036936
3,3,-61.5,0.03716
3,3,-61.4,0.037387
3,3,-61.3,0.037615
3,3,-61.2,0.037848
3,3,-61.1,0.038084
3,3,-61,0.03832
3,3,-60.9,0.038559
3,3,-60.8,0.038799
3,3,-60.7,0.039041
3,3,-60.6,0.039275
3,3,-60.5,0.039495
3,3,-60.4,0.039719
3,3,-60.3,0.039947
3,3,-60.2,0.040174
3,3,-60.1,0.040402
3,3,-60,0.040632
3,3,-59.9,0.040862
3,3,-59.8,0.041092
3,3,-59.7,0.041324
3,3,-59.6,0.041558
3,3,-59.5,0.041793
3,3,-59.4,0.042025
3,3,-59.3,0.042259
3,3,-59.2,0.042496
3,3,-59.1,0.042737
3,3,-59,0.04298
3,3,-58.9,0.043226
3,3,-58.8,0.043476
3,3,-58.7,0.04373
3,3,-58.6,0.043987
3,3,-58.5,0.044154
3,3,-58.4,0.044181
3,3,-58.3,0.044208
3,3,-58.2,0.044235
3,3,-58.1,0.044263
3,3,-58,0.044291
3,3,-57.9,0.044319
3,3,-57.8,0.044347
3,3,-57.7,0.044375
3,3,-57.6,0.044403
3,3,-57.5,0.044432
3,3,-57.4,0.044461
3,3,-57.3,0.04449
3,3,-57.2,0.044519
3,3,-57.1,0.044549
3,3,-57,0.044579
3,3,-56.9,0.04461
3,3,-56.8,0.044641
3,3,-56.7,0.044673
3,3,-56.6,0.044705
3,3,-56.5,0.044737
3,3,-56.4,0.04477
3,3,-56.3,0.044803
3,3,-56.2,0.044837
3,3,-56.1,0.044871
3,3,-56,0.044905
3,3,-55.9,0.04494
3,3,-55.8,0.044975
3,3,-55.7,0.045011
3,3,-55.6,0.045047
3,3,-55.5,0.045084
3,3,-55.4,0.045121
3,3,-55.3,0.045158
3,3,-55.2,0.045195
3,3,-55.1,0.045233
3,3,-55,0.045271
3,3,-54.9,0.045309
3,3,-54.8,0.045348
3,3,-54.7,0.045386
3,3,-54.6,0.045425
3,3,-54.5,0.045465
3,3,-54.4,0.045504
3,3,-54.3,0.045544
3,3,-54.2,0.045584
3,3,-54.1,0.045625
3,3,-54,0.045667
3,3,-53.9,0.045708
3,3,-53.8,0.04575
3,3,-53.7,0.045792
3,3,-53.6,0.045834
3,3,-53.5,0.045876
3,3,-53.4,0.045919
3,3,-53.3,0.045961
3,3,-53.2,0.046004
3,3,-53.1,0.046047
3,3,-53,0.04609
3,3,-52.9,0.046134
3,3,-52.8,0.046178
3,3,-52.7,0.046222
3,3,-52.6,0.046266
3,3,-52.5,0.04631
3,3,-52.4,0.046355
3,3,-52.3,0.046399
3,3,-52.2,0.046444
3,3,-52.1,0.04649
3,3,-52,0.046535
3,3,-51.9,0.04658
3,3,-51.8,0.046626
3,3,-51.7,0.046672
3,3,-51.6,0.046718
3,3,-51.5,0.046765
3,3,-51.4,0.046812
3,3,-51.3,0.046859
3,3,-51.2,0.046906
3,3,-51.1,0.046953
3,3,-51,0.047001
3,3,-50.9,0.047049
3,3,-50.8,0.047097
3,3,-50.7,0.047145
3,3,-50.6,0.047194
3,3,-50.5,0.047242
3,3,-50.4,0.047291
3,3,-50.3,0.04734
3,3,-50.2,0.047389
3,3,-50.1,0.047438
3,3,-50,0.047487
3,3,-49.9,0.047537
3,3,-49.8,0.047586
3,3,-49.7,0.047636
3,3,-49.6,0.047685
3,3,-49.5,0.047735
3,3,-49.4,0.047784
3,3,-49.3,0.047834
3,3,-49.2,0.047884
3,3,-49.1,0.047935
3,3,-49,0.047986
3,3,-48.9,0.048037
3,3,-48.8,0.048088
3,3,-48.7,0.048139
3,3,-48.6,0.04819
3,3,-48.5,0.048242
3,3,-48.4,0.048293
3,3,-48.3,0.048345
3,3,-48.2,0.048397
3,3,-48.1,0.048449
3,3,-48,0.048501
3,3,-47.9,0.048553
3,3,-47.8,0.048605
3,3,-47.7,0.048657
3,3,-47.6,0.04871
3,3,-47.5,0.048763
3,3,-47.4,0.048815
3,3,-47.3,0.048868
3,3,-47.2,0.048922
3,3,-47.1,0.048975
3,3,-47,0.049028
3,3,-46.9,0.049081
3,3,-46.8,0.049135
3,3,-46.7,0.049188
3,3,-46.6,0.049242
3,3,-46.5,0.049295
3,3,-46.4,0.049349
3,3,-46.3,0.049402
3,3,-46.2,0.049456
3,3,-46.1,0.04951
3,3,-46,0.049564
3,3,-45.9,0.049618
3,3,-45.8,0.049672
3,3,-45.7,0.049726
3,3,-45.6,0.04978
3,3,-45.5,0.049834
3,3,-45.4,0.049888
3,3,-45.3,0.049943
3,3,-45.2,0.049997
3,3,-45.1,0.050051
3,3,-45,0.050106
3,3,-44.9,0.05016
3,3,-44.8,0.050215
3,3,-44.7,0.050269
3,3,-44.6,0.050324
3,3,-44.5,0.050378
3,3,-44.4,0.050433
3,3,-44.3,0.050488
3,3,-44.2,0.050543
3,3,-44.1,0.050597
3,3,-44,0.050652
3,3,-43.9,0.050707
3,3,-43.8,0.050762
3,3,-43.7,0.050817
3,3,-43.6,0.050872
3,3,-43.5,0.050927
3,3,-43.4,0.050982
3,3,-43.3,0.051038
3,3,-43.2,0.051093
3,3,-43.1,0.051148
3,3,-43,0.051203
3,3,-42.9,0.051258
3,3,-42.8,0.051313
3,3,-42.7,0.051368
3,3,-42.6,0.051423
3,3,-42.5,0.051479
3,3,-42.4,0.051534
3,3,-42.3,0.05159
3,3,-42.2,0.051645
3,3,-42.1,0.051701
3,3,-42,0.051757
3,3,-41.9,0.051812
3,3,-41.8,0.051868
3,3,-41.7,0.051924
3,3,-41.6,0.05198
3,3,-41.5,0.052036
3,3,-41.4,0.052093
3,3,-41.3,0.052149
3,3,-41.2,0.052205
3,3,-41.1,0.052262
3,3,-41,0.052318
3,3,-40.9,0.052375
3,3,-40.8,0.052431
3,3,-40.7,0.052488
3,3,-40.6,0.052544
3,3,-40.5,0.052601
3,3,-40.4,0.052658
3,3,-40.3,0.052715
3,3,-40.2,0.052773
3,3,-40.1,0.05283
3,3,-40,0.052888
3,3,-39.9,0.052945
3,3,-39.8,0.053003
3,3,-39.7,0.053061
3,3,-39.6,0.053119
3,3,-39.5,0.053177
3,3,-39.4,0.053236
3,3,-39.3,0.053294
3,3,-39.2,0.053353
3,3,-39.1,0.053411
3,3,-39,0.05347
3,3,-38.9,0.053529
3,3,-38.8,0.053588
3,3,-38.7,0.053647
3,3,-38.6,0.053707
3,3,-38.5,0.053766
3,3,-38.4,0.053826
3,3,-38.3,0.053885
3,3,-38.2,0.053945
3,3,-38.1,0.054006
3,3,-38,0.054066
3,3,-37.9,0.054126
3,3,-37.8,0.054187
3,3,-37.7,0.054248
3,3,-37.6,0.054309
3,3,-37.5,0.05437
3,3,-37.4,0.054431
3,3,-37.3,0.054493
3,3,-37.2,0.054554
3,3,-37.1,0.054616
3,3,-37,0.054678
3,3,-36.9,0.05474
3,3,-36.8,0.054803
3,3,-36.7,0.054866
3,3,-36.6,0.054928
3,3,-36.5,0.054991
3,3,-36.4,0.055055
3,3,-36.3,0.055118
3,3,-36.2,0.055182
3,3,-36.1,0.055245
3,3,-36,0.055309
3,3,-35.9,0.055373
3,3,-35.8,0.055438
3,3,-35.7,0.055502
3,3,-35.6,0.055567
3,3,-35.5,0.055632
3,3,-35.4,0.055697
3,3,-35.3,0.055762
3,3,-35.2,0.055828
3,3,-35.1,0.055893
3,3,-35,0.055959
3,3,-34.9,0.056025
3,3,-34.8,0.056091
3,3,-34.7,0.056158
3,3,-34.6,0.056224
3,3,-34.5,0.056291
3,3,-34.4,0.056358
3,3,-34.3,0.056425
3,3,-34.2,0.056492
3,3,-34.1,0.056559
3,3,-34,0.056627
3,3,-33.9,0.056695
3,3,-33.8,0.056763
3,3,-33.7,0.056832
3,3,-33.6,0.0569
3,3,-33.5,0.056969
3,3,-33.4,0.057039
3,3,-33.3,0.057108
3,3,-33.2,0.057178
3,3,-33.1,0.057248
3,3,-33,0.057318
3,3,-32.9,0.057388
3,3,-32.8,0.057459
3,3,-32.7,0.05753
3,3,-32.6,0.057601
3,3,-32.5,0.057672
3,3,-32.4,0.057744
3,3,-32.3,0.057816
3,3,-32.2,0.057888
3,3,-32.1,0.05796
3,3,-32,0.058032
3,3,-31.9,0.058105
3,3,-31.8,0.058178
3,3,-31.7,0.058252
3,3,-31.6,0.058325
3,3,-31.5,0.058399
3,3,-31.4,0.058473
3,3,-31.3,0.058547
3,3,-31.2,0.058622
3,3,-31.1,0.058697
3,3,-31,0.058772
3,3,-30.9,0.058847
3,3,-30.8,0.058923
3,3,-30.7,0.058999
3,3,-30.6,0.059075
3,3,-30.5,0.059151
3,3,-30.4,0.059227
3,3,-30.3,0.059302
3,3,-30.2,0.059379
3,3,-30.1,0.059455
3,3,-30,0.059532
3,3,-29.9,0.059609
3,3,-29.8,0.059687
3,3,-29.7,0.059765
3,3,-29.6,0.059844
3,3,-29.5,0.059922
3,3,-29.4,0.060002
3,3,-29.3,0.060081
3,3,-29.2,0.060161
3,3,-29.1,0.060241
3,3,-29,0.060322
3,3,-28.9,0.060403
3,3,-28.8,0.060484
3,3,-28.7,0.060566
3,3,-28.6,0.060649
3,3,-28.5,0.060731
3,3,-28.4,0.060814
3,3,-28.3,0.060897
3,3,-28.2,0.060981
3,3,-28.1,0.061065
3,3,-28,0.06115
3,3,-27.9,0.061234
3,3,-27.8,0.061319
3,3,-27.7,0.061405
3,3,-27.6,0.061491
3,3,-27.5,0.061577
3,3,-27.4,0.061663
3,3,-27.3,0.06175
3,3,-27.2,0.061838
3,3,-27.1,0.061925
3,3,-27,0.062013
3,3,-26.9,0.062102
3,3,-26.8,0.06219
3,3,-26.7,0.062279
3,3,-26.6,0.062369
3,3,-26.5,0.062459
3,3,-26.4,0.062549
3,3,-26.3,0.062639
3,3,-26.2,0.06273
3,3,-26.1,0.062821
3,3,-26,0.062913
3,3,-25.9,0.063005
3,3,-25.8,0.063097
3,3,-25.7,0.06319
3,3,-25.6,0.063283
3,3,-25.5,0.063376
3,3,-25.4,0.063469
3,3,-25.3,0.063563
3,3,-25.2,0.063658
3,3,-25.1,0.063752
3,3,-25,0.063847
3,3,-24.9,0.063943
3,3,-24.8,0.064038
3,3,-24.7,0.064134
3,3,-24.6,0.064231
3,3,-24.5,0.064327
3,3,-24.4,0.064424
3,3,-24.3,0.064522
3,3,-24.2,0.064624
3,3,-24.1,0.064728
3,3,-24,0.064832
3,3,-23.9,0.064936
3,3,-23.8,0.065042
3,3,-23.7,0.065147
3,3,-23.6,0.065253
3,3,-23.5,0.06536
3,3,-23.4,0.065467
3,3,-23.3,0.065574
3,3,-23.2,0.06568
3,3,-23.1,0.065781
3,3,-23,0.065883
3,3,-22.9,0.065986
3,3,-22.8,0.06609
3,3,-22.7,0.066196
3,3,-22.6,0.066302
3,3,-22.5,0.066409
3,3,-22.4,0.066517
3,3,-22.3,0.066627
3,3,-22.2,0.066737
3,3,-22.1,0.066849
3,3,-22,0.066961
3,3,-21.9,0.067076
3,3,-21.8,0.067193
3,3,-21.7,0.06731
3,3,-21.6,0.067429
3,3,-21.5,0.067548
3,3,-21.4,0.067669
3,3,-21.3,0.06779
3,3,-21.2,0.067913
3,3,-21.1,0.068036
3,3,-21,0.068161
3,3,-20.9,0.068286
3,3,-20.8,0.068412
3,3,-20.7,0.06854
3,3,-20.6,0.068668
3,3,-20.5,0.068798
3,3,-20.4,0.068928
3,3,-20.3,0.069059
3,3,-20.2,0.069192
3,3,-20.1,0.069325
3,3,-20,0.069459
3,3,-19.9,0.069594
3,3,-19.8,0.069731
3,3,-19.7,0.069868
3,3,-19.6,0.070006
3,3,-19.5,0.070145
3,3,-19.4,0.070286
3,3,-19.3,0.070427
3,3,-19.2,0.070569
3,3,-19.1,0.070712
3,3,-19,0.070856
3,3,-18.9,0.071001
3,3,-18.8,0.071147
3,3,-18.7,0.071295
3,3,-18.6,0.071443
3,3,-18.5,0.071592
3,3,-18.4,0.071742
3,3,-18.3,0.071893
3,3,-18.2,0.072045
3,3,-18.1,0.072198
3,3,-18,0.072352
3,3,-17.9,0.072507
3,3,-17.8,0.072663
3,3,-17.7,0.07282
3,3,-17.6,0.072978
3,3,-17.5,0.073137
3,3,-17.4,0.073297
3,3,-17.3,0.073457
3,3,-17.2,0.073619
3,3,-17.1,0.073782
3,3,-17,0.073946
3,3,-16.9,0.074111
3,3,-16.8,0.074277
3,3,-16.7,0.074444
3,3,-16.6,0.074611
3,3,-16.5,0.07478
3,3,-16.4,0.07495
3,3,-16.3,0.075119
3,3,-16.2,0.075289
3,3,-16.1,0.07546
3,3,-16,0.075631
3,3,-15.9,0.075804
3,3,-15.8,0.075977
3,3,-15.7,0.076151
3,3,-15.6,0.076325
3,3,-15.5,0.0765
3,3,-15.4,0.076676
3,3,-15.3,0.076854
3,3,-15.2,0.077051
3,3,-15.1,0.077249
3,3,-15,0.07745
3,3,-14.9,0.077653
3,3,-14.8,0.077858
3,3,-14.7,0.078066
3,3,-14.6,0.078275
3,3,-14.5,0.078487
3,3,-14.4,0.0787
3,3,-14.3,0.078916
3,3,-14.2,0.079134
3,3,-14.1,0.079355
3,3,-14,0.079574
3,3,-13.9,0.079781
3,3,-13.8,0.079992
3,3,-13.7,0.080206
3,3,-13.6,0.080424
3,3,-13.5,0.080645
3,3,-13.4,0.08087
3,3,-13.3,0.081099
3,3,-13.2,0.081331
3,3,-13.1,0.081566
3,3,-13,0.081805
3,3,-12.9,0.082047
3,3,-12.8,0.082294
3,3,-12.7,0.082543
3,3,-12.6,0.082796
3,3,-12.5,0.083053
3,3,-12.4,0.083313
3,3,-12.3,0.083577
3,3,-12.2,0.083844
3,3,-12.1,0.084115
3,3,-12,0.084389
3,3,-11.9,0.084667
3,3,-11.8,0.084949
3,3,-11.7,0.085234
3,3,-11.6,0.085522
3,3,-11.5,0.085814
3,3,-11.4,0.08611
3,3,-11.3,0.086409
3,3,-11.2,0.086712
3,3,-11.1,0.087018
3,3,-11,0.087327
3,3,-10.9,0.087641
3,3,-10.8,0.087958
3,3,-10.7,0.088278
3,3,-10.6,0.088602
3,3,-10.5,0.088929
3,3,-10.4,0.08926
3,3,-10.3,0.089595
3,3,-10.2,0.089933
3,3,-10.1,0.090274
3,3,-10,0.090619
3,3,-9.9,0.090968
3,3,-9.8,0.09132
3,3,-9.7,0.091676
3,3,-9.6,0.092039
3,3,-9.5,0.092404
3,3,-9.4,0.092773
3,3,-9.3,0.093144
3,3,-9.2,0.093518
3,3,-9.1,0.093894
3,3,-9,0.094274
3,3,-8.9,0.094656
3,3,-8.8,0.095041
3,3,-8.7,0.095428
3,3,-8.6,0.095819
3,3,-8.5,0.096212
3,3,-8.4,0.096608
3,3,-8.3,0.097003
3,3,-8.2,0.0974
3,3,-8.1,0.0978
3,3,-8,0.098202
3,3,-7.9,0.098606
3,3,-7.8,0.099012
3,3,-7.7,0.099421
3,3,-7.6,0.099843
3,3,-7.5,0.10028
3,3,-7.4,0.10074
3,3,-7.3,0.1012
3,3,-7.2,0.10167
3,3,-7.1,0.10215
3,3,-7,0.10264
3,3,-6.9,0.10314
3,3,-6.8,0.10365
3,3,-6.7,0.10417
3,3,-6.6,0.1047
3,3,-6.5,0.10524
3,3,-6.4,0.10579
3,3,-6.3,0.10635
3,3,-6.2,0.10692
3,3,-6.1,0.1075
3,3,-6,0.10809
3,3,-5.9,0.10868
3,3,-5.8,0.10929
3,3,-5.7,0.10991
3,3,-5.6,0.11054
3,3,-5.5,0.11118
3,3,-5.4,0.11184
3,3,-5.3,0.11251
3,3,-5.2,0.11319
3,3,-5.1,0.11388
3,3,-5,0.11457
3,3,-4.9,0.11527
3,3,-4.8,0.11597
3,3,-4.7,0.11669
3,3,-4.6,0.11741
3,3,-4.5,0.11814
3,3,-4.4,0.11888
3,3,-4.3,0.11962
3,3,-4.2,0.12037
3,3,-4.1,0.12113
3,3,-4,0.12189
3,3,-3.9,0.12267
3,3,-3.8,0.12345
3,3,-3.7,0.12424
3,3,-3.6,0.12503
3,3,-3.5,0.12583
3,3,-3.4,0.12665
3,3,-3.3,0.12748
3,3,-3.2,0.12833
3,3,-3.1,0.12921
3,3,-3,0.13011
3,3,-2.9,0.13103
3,3,-2.8,0.13194
3,3,-2.7,0.13286
3,3,-2.6,0.13378
3,3,-2.5,0.13472
3,3,-2.4,0.13571
3,3,-2.3,0.13671
3,3,-2.2,0.13772
3,3,-2.1,0.13874
3,3,-2,0.13978
3,3,-1.9,0.14082
3,3,-1.8,0.14188
3,3,-1.7,0.14294
3,3,-1.6,0.14402
3,3,-1.5,0.14511
3,3,-1.4,0.14621
3,3,-1.3,0.14732
3,3,-1.2,0.14845
3,3,-1.1,0.14962
3,3,-1,0.15079
3,3,-0.9,0.15198
3,3,-0.8,0.15319
3,3,-0.7,0.1544
3,3,-0.6,0.15563
3,3,-0.5,0.15687
3,3,-0.4,0.15812
3,3,-0.3,0.15939
3,3,-0.2,0.16067
3,3,-0.1,0.16196
3,3,0,0.1634
3,3,0.1,0.16488
3,3,0.2,0.16631
3,3,0.3,0.16769
3,3,0.4,0.16903
3,3,0.5,0.17033
3,3,0.6,0.17158
3,3,0.7,0.17279
3,3,0.8,0.17395
3,3,0.9,0.17507
3,3,1,0.17614
3,3,1.1,0.17717
3,3,1.2,0.17815
3,3,1.3,0.17909
3,3,1.4,0.17999
3,3,1.5,0.1807
3,3,1.6,0.18126
3,3,1.7,0.18176
3,3,1.8,0.1822
3,3,1.9,0.18258
3,3,2,0.18291
3,3,2.1,0.18325
3,3,2.2,0.18357
3,3,2.3,0.18386
3,3,2.4,0.18412
3,3,2.5,0.18436
3,3,2.6,0.18457
3,3,2.7,0.18476
3,3,2.8,0.18491
3,3,2.9,0.18504
3,3,3,0.18515
3,3,3.1,0.18522
3,3,3.2,0.1852
3,3,3.3,0.18509
3,3,3.4,0.18495
3,3,3.5,0.18478
3,3,3.6,0.18457
3,3,3.7,0.18434
3,3,3.8,0.18408
3,3,3.9,0.18378
3,3,4,0.18346
3,3,4.1,0.18319
3,3,4.2,0.18292
3,3,4.3,0.18259
3,3,4.4,0.18218
3,3,4.5,0.18171
3,3,4.6,0.18116
3,3,4.7,0.18055
3,3,4.8,0.17987
3,3,4.9,0.17912
3,3,5,0.1783
3,3,5.1,0.17741
3,3,5.2,0.17646
3,3,5.3,0.17543
3,3,5.4,0.17433
3,3,5.5,0.17318
3,3,5.6,0.17204
3,3,5.7,0.1709
3,3,5.8,0.16977
3,3,5.9,0.16865
3,3,6,0.16754
3,3,6.1,0.16643
3,3,6.2,0.16534
3,3,6.3,0.16425
3,3,6.4,0.16317
3,3,6.5,0.16209
3,3,6.6,0.16102
3,3,6.7,0.16
3,3,6.8,0.159
3,3,6.9,0.15798
3,3,7,0.15696
3,3,7.1,0.15592
3,3,7.2,0.15487
3,3,7.3,0.15381
3,3,7.4,0.15273
3,3,7.5,0.15165
3,3,7.6,0.15055
3,3,7.7,0.14943
3,3,7.8,0.1483
3,3,7.9,0.14713
3,3,8,0.14595
3,3,8.1,0.14477
3,3,8.2,0.14358
3,3,8.3,0.1424
3,3,8.4,0.14121
3,3,8.5,0.14002
3,3,8.6,0.13887
3,3,8.7,0.13794
3,3,8.8,0.13703
3,3,8.9,0.13612
3,3,9,0.13523
3,3,9.1,0.13433
3,3,9.2,0.13345
3,3,9.3,0.13257
3,3,9.4,0.13171
3,3,9.5,0.13085
3,3,9.6,0.12999
3,3,9.7,0.12915
3,3,9.8,0.12831
3,3,9.9,0.12748
3,3,10,0.12666
3,3,10.1,0.12585
3,3,10.2,0.12504
3,3,10.3,0.12424
3,3,10.4,0.12345
3,3,10.5,0.12264
3,3,10.6,0.12183
3,3,10.7,0.12103
3,3,10.8,0.12024
3,3,10.9,0.11946
3,3,11,0.11871
3,3,11.1,0.11797
3,3,11.2,0.11725
3,3,11.3,0.11655
3,3,11.4,0.11587
3,3,11.5,0.1152
3,3,11.6,0.11456
3,3,11.7,0.11393
3,3,11.8,0.11332
3,3,11.9,0.11273
3,3,12,0.11215
3,3,12.1,0.11153
3,3,12.2,0.1109
3,3,12.3,0.11029
3,3,12.4,0.1097
3,3,12.5,0.10911
3,3,12.6,0.10854
3,3,12.7,0.10798
3,3,12.8,0.10742
3,3,12.9,0.10686
3,3,13,0.10631
3,3,13.1,0.10577
3,3,13.2,0.10526
3,3,13.3,0.10476
3,3,13.4,0.10426
3,3,13.5,0.10378
3,3,13.6,0.1033
3,3,13.7,0.10282
3,3,13.8,0.10236
3,3,13.9,0.1019
3,3,14,0.10144
3,3,14.1,0.101
3,3,14.2,0.10056
3,3,14.3,0.10013
3,3,14.4,0.099701
3,3,14.5,0.099282
3,3,14.6,0.098869
3,3,14.7,0.098456
3,3,14.8,0.098043
3,3,14.9,0.097635
3,3,15,0.097231
3,3,15.1,0.096831
3,3,15.2,0.096436
3,3,15.3,0.096046
3,3,15.4,0.09566
3,3,15.5,0.095278
3,3,15.6,0.0949
3,3,15.7,0.094533
3,3,15.8,0.094174
3,3,15.9,0.093819
3,3,16,0.093469
3,3,16.1,0.093122
3,3,16.2,0.092781
3,3,16.3,0.092443
3,3,16.4,0.09211
3,3,16.5,0.091783
3,3,16.6,0.091464
3,3,16.7,0.091149
3,3,16.8,0.090837
3,3,16.9,0.090529
3,3,17,0.090225
3,3,17.1,0.089925
3,3,17.2,0.089629
3,3,17.3,0.089336
3,3,17.4,0.089048
3,3,17.5,0.088763
3,3,17.6,0.088481
3,3,17.7,0.088204
3,3,17.8,0.08793
3,3,17.9,0.087661
3,3,18,0.087394
3,3,18.1,0.087132
3,3,18.2,0.086874
3,3,18.3,0.08662
3,3,18.4,0.086368
3,3,18.5,0.086119
3,3,18.6,0.085871
3,3,18.7,0.085626
3,3,18.8,0.085383
3,3,18.9,0.085142
3,3,19,0.084903
3,3,19.1,0.084666
3,3,19.2,0.084432
3,3,19.3,0.084199
3,3,19.4,0.083969
3,3,19.5,0.083741
3,3,19.6,0.083515
3,3,19.7,0.083291
3,3,19.8,0.083067
3,3,19.9,0.082844
3,3,20,0.082624
3,3,20.1,0.082406
3,3,20.2,0.08219
3,3,20.3,0.081976
3,3,20.4,0.081765
3,3,20.5,0.081555
3,3,20.6,0.081348
3,3,20.7,0.081142
3,3,20.8,0.080939
3,3,20.9,0.080738
3,3,21,0.080539
3,3,21.1,0.080343
3,3,21.2,0.080154
3,3,21.3,0.079967
3,3,21.4,0.079781
3,3,21.5,0.079598
3,3,21.6,0.079415
3,3,21.7,0.079235
3,3,21.8,0.079056
3,3,21.9,0.078879
3,3,22,0.078704
3,3,22.1,0.078531
3,3,22.2,0.078359
3,3,22.3,0.078189
3,3,22.4,0.078021
3,3,22.5,0.077854
3,3,22.6,0.077689
3,3,22.7,0.077526
3,3,22.8,0.077365
3,3,22.9,0.077205
3,3,23,0.077048
3,3,23.1,0.076891
3,3,23.2,0.076737
3,3,23.3,0.076585
3,3,23.4,0.076436
3,3,23.5,0.076289
3,3,23.6,0.076144
3,3,23.7,0.076001
3,3,23.8,0.075861
3,3,23.9,0.075722
3,3,24,0.07558
3,3,24.1,0.07544
3,3,24.2,0.075301
3,3,24.3,0.075162
3,3,24.4,0.075026
3,3,24.5,0.074893
3,3,24.6,0.07476
3,3,24.7,0.074628
3,3,24.8,0.074497
3,3,24.9,0.074367
3,3,25,0.074238
3,3,25.1,0.07411
3,3,25.2,0.073983
3,3,25.3,0.073856
3,3,25.4,0.07373
3,3,25.5,0.073605
3,3,25.6,0.073481
3,3,25.7,0.073358
3,3,25.8,0.073236
3,3,25.9,0.073114
3,3,26,0.072994
3,3,26.1,0.072874
3,3,26.2,0.072755
3,3,26.3,0.072638
3,3,26.4,0.072525
3,3,26.5,0.072412
3,3,26.6,0.0723
3,3,26.7,0.072189
3,3,26.8,0.072079
3,3,26.9,0.071969
3,3,27,0.07186
3,3,27.1,0.071752
3,3,27.2,0.071645
3,3,27.3,0.071539
3,3,27.4,0.071433
3,3,27.5,0.071328
3,3,27.6,0.071224
3,3,27.7,0.071121
3,3,27.8,0.071018
3,3,27.9,0.070917
3,3,28,0.070816
3,3,28.1,0.070716
3,3,28.2,0.070616
3,3,28.3,0.070518
3,3,28.4,0.07042
3,3,28.5,0.070323
3,3,28.6,0.070227
3,3,28.7,0.070132
3,3,28.8,0.070037
3,3,28.9,0.069943
3,3,29,0.06985
3,3,29.1,0.069758
3,3,29.2,0.069666
3,3,29.3,0.069576
3,3,29.4,0.069486
3,3,29.5,0.069398
3,3,29.6,0.06931
3,3,29.7,0.069223
3,3,29.8,0.069137
3,3,29.9,0.069051
3,3,30,0.068967
3,3,30.1,0.068883
3,3,30.2,0.0688
3,3,30.3,0.068718
3,3,30.4,0.068637
3,3,30.5,0.068557
3,3,30.6,0.068477
3,3,30.7,0.068399
3,3,30.8,0.068321
3,3,30.9,0.068244
3,3,31,0.068168
3,3,31.1,0.068092
3,3,31.2,0.068018
3,3,31.3,0.067944
3,3,31.4,0.067871
3,3,31.5,0.067799
3,3,31.6,0.067725
3,3,31.7,0.06765
3,3,31.8,0.067575
3,3,31.9,0.067501
3,3,32,0.067427
3,3,32.1,0.067355
3,3,32.2,0.067284
3,3,32.3,0.067214
3,3,32.4,0.067144
3,3,32.5,0.067074
3,3,32.6,0.067005
3,3,32.7,0.066936
3,3,32.8,0.066867
3,3,32.9,0.066799
3,3,33,0.066732
3,3,33.1,0.066665
3,3,33.2,0.066598
3,3,33.3,0.066531
3,3,33.4,0.066466
3,3,33.5,0.0664
3,3,33.6,0.066335
3,3,33.7,0.06627
3,3,33.8,0.066206
3,3,33.9,0.066142
3,3,34,0.066079
3,3,34.1,0.066016
3,3,34.2,0.065953
3,3,34.3,0.065891
3,3,34.4,0.065829
3,3,34.5,0.065768
3,3,34.6,0.065707
3,3,34.7,0.065646
3,3,34.8,0.065586
3,3,34.9,0.065527
3,3,35,0.065468
3,3,35.1,0.06541
3,3,35.2,0.065353
3,3,35.3,0.065296
3,3,35.4,0.065239
3,3,35.5,0.065183
3,3,35.6,0.065127
3,3,35.7,0.065072
3,3,35.8,0.065017
3,3,35.9,0.064963
3,3,36,0.064909
3,3,36.1,0.064856
3,3,36.2,0.064803
3,3,36.3,0.064751
3,3,36.4,0.064699
3,3,36.5,0.064648
3,3,36.6,0.064597
3,3,36.7,0.064546
3,3,36.8,0.064495
3,3,36.9,0.064444
3,3,37,0.064394
3,3,37.1,0.064344
3,3,37.2,0.064294
3,3,37.3,0.064245
3,3,37.4,0.064196
3,3,37.5,0.064147
3,3,37.6,0.064099
3,3,37.7,0.064051
3,3,37.8,0.064003
3,3,37.9,0.063956
3,3,38,0.063909
3,3,38.1,0.063862
3,3,38.2,0.063815
3,3,38.3,0.063769
3,3,38.4,0.063724
3,3,38.5,0.063678
3,3,38.6,0.063633
3,3,38.7,0.063588
3,3,38.8,0.063544
3,3,38.9,0.0635
3,3,39,0.063456
3,3,39.1,0.063412
3,3,39.2,0.063368
3,3,39.3,0.063325
3,3,39.4,0.063282
3,3,39.5,0.063239
3,3,39.6,0.063197
3,3,39.7,0.063154
3,3,39.8,0.063112
3,3,39.9,0.063071
3,3,40,0.063029
3,3,40.1,0.062988
3,3,40.2,0.062947
3,3,40.3,0.062906
3,3,40.4,0.062865
3,3,40.5,0.062825
3,3,40.6,0.062785
3,3,40.7,0.062745
3,3,40.8,0.062705
3,3,40.9,0.062666
3,3,41,0.062627
3,3,41.1,0.062588
3,3,41.2,0.062549
3,3,41.3,0.062511
3,3,41.4,0.062472
3,3,41.5,0.062434
3,3,41.6,0.062397
3,3,41.7,0.062359
3,3,41.8,0.062322
3,3,41.9,0.062285
3,3,42,0.062248
3,3,42.1,0.062212
3,3,42.2,0.062176
3,3,42.3,0.06214
3,3,42.4,0.062104
3,3,42.5,0.062068
3,3,42.6,0.062033
3,3,42.7,0.061998
3,3,42.8,0.061964
3,3,42.9,0.06193
3,3,43,0.061896
3,3,43.1,0.061862
3,3,43.2,0.061828
3,3,43.3,0.061795
3,3,43.4,0.061762
3,3,43.5,0.061729
3,3,43.6,0.061696
3,3,43.7,0.061664
3,3,43.8,0.061632
3,3,43.9,0.0616
3,3,44,0.061568
3,3,44.1,0.061536
3,3,44.2,0.061505
3,3,44.3,0.061473
3,3,44.4,0.061442
3,3,44.5,0.061411
3,3,44.6,0.06138
3,3,44.7,0.061349
3,3,44.8,0.061319
3,3,44.9,0.061288
3,3,45,0.061258
3,3,45.1,0.061228
3,3,45.2,0.061198
3,3,45.3,0.061169
3,3,45.4,0.061139
3,3,45.5,0.06111
3,3,45.6,0.06108
3,3,45.7,0.061051
3,3,45.8,0.061023
3,3,45.9,0.060994
3,3,46,0.060965
3,3,46.1,0.060937
3,3,46.2,0.060909
3,3,46.3,0.060881
3,3,46.4,0.060853
3,3,46.5,0.060825
3,3,46.6,0.060798
3,3,46.7,0.06077
3,3,46.8,0.060743
3,3,46.9,0.060716
3,3,47,0.060689
3,3,47.1,0.060662
3,3,47.2,0.060636
3,3,47.3,0.060609
3,3,47.4,0.060583
3,3,47.5,0.060557
3,3,47.6,0.060531
3,3,47.7,0.060506
3,3,47.8,0.06048
3,3,47.9,0.060455
3,3,48,0.060429
3,3,48.1,0.060404
3,3,48.2,0.06038
3,3,48.3,0.060355
3,3,48.4,0.06033
3,3,48.5,0.060306
3,3,48.6,0.060281
3,3,48.7,0.060257
3,3,48.8,0.060233
3,3,48.9,0.060209
3,3,49,0.060186
3,3,49.1,0.060162
3,3,49.2,0.060139
3,3,49.3,0.060115
3,3,49.4,0.060092
3,3,49.5,0.060069
3,3,49.6,0.060046
3,3,49.7,0.060023
3,3,49.8,0.060001
3,3,49.9,0.059978
3,3,50,0.059956
